nterp=120
t0=0.357051
9  47  26  2  8  27  19  34  26  48  27  30  40  47  45  44  47  50  31  6  5  10  15  13  20  23  5  11  26  38  29  37  22  25  46  6  31  34  6  49  45  37  49  26  33  38  35  26  46  9  
1  14  25  23  44  34  17  8  35  30  6  46  31  17  2  45  35  23  44  3  17  26  18  39  28  39  15  32  20  45  50  25  14  1  17  3  10  7  41  10  39  12  7  31  12  49  18  47  37  32  
19  12  34  15  38  41  48  2  20  10  30  5  45  10  22  38  14  15  41  30  26  23  9  30  40  2  24  23  27  42  42  40  31  38  44  7  38  14  14  45  8  27  4  4  42  30  4  15  26  38  
38  2  11  32  13  24  11  19  22  41  4  42  29  23  5  41  40  7  19  14  1  22  39  1  37  3  30  48  32  4  5  14  42  31  49  1  2  30  42  18  18  50  42  36  46  42  28  17  25  8  
44  18  3  49  47  7  44  41  48  40  22  17  26  4  10  26  41  30  15  28  15  7  16  33  23  15  18  26  42  32  25  50  6  32  30  9  45  24  3  2  35  6  21  18  49  18  11  4  32  23  
12  45  8  25  50  50  43  21  38  21  33  25  47  43  28  1  39  20  26  22  46  46  47  24  10  45  25  38  2  27  20  8  17  37  8  14  22  18  13  38  38  3  17  19  26  12  27  9  23  22  
39  8  23  46  43  14  2  22  17  17  21  20  1  6  43  32  34  36  35  33  8  11  7  15  43  50  34  18  34  29  45  24  38  48  11  46  18  48  34  44  34  31  16  7  25  14  40  11  17  14  
30  49  13  35  29  47  23  37  18  7  3  37  20  44  36  11  48  43  7  38  27  41  27  5  46  11  28  37  36  20  2  31  18  29  36  15  8  47  44  17  19  2  33  8  2  46  46  27  47  30  
22  30  1  24  6  26  12  33  1  47  24  16  16  1  26  18  26  13  30  39  32  43  44  43  15  49  48  17  41  44  14  29  32  18  34  30  36  44  39  39  27  23  27  44  34  43  10  6  48  41  
3  48  9  27  32  35  13  18  37  37  2  33  46  13  9  2  37  49  6  23  29  38  1  48  38  34  39  49  13  14  47  35  27  19  33  45  19  25  17  26  37  34  25  35  27  34  8  49  40  7  
37  43  36  13  14  33  10  4  47  11  9  27  23  2  24  48  19  17  16  44  36  3  8  21  17  33  31  14  1  6  32  26  35  9  41  25  20  1  25  34  14  18  43  10  30  44  44  42  41  5  
41  42  2  36  18  40  38  39  19  16  5  36  9  9  16  14  2  41  42  31  30  2  6  20  9  6  11  46  45  18  3  47  16  26  6  48  27  22  4  50  44  42  48  39  16  35  15  37  1  49  
48  46  31  47  20  42  36  43  15  49  29  49  49  19  44  33  18  3  20  41  18  33  4  6  4  9  45  2  18  37  34  48  26  24  40  37  14  21  5  27  25  9  24  15  13  21  7  38  19  20  
33  41  21  30  11  19  15  3  24  23  46  34  41  14  12  29  22  48  12  21  38  6  41  44  47  13  12  13  10  25  36  41  43  28  27  11  32  41  43  46  5  10  14  50  9  23  38  20  15  16  
42  19  29  28  45  6  47  15  34  33  14  40  43  36  47  40  11  47  25  45  10  24  33  25  3  44  35  3  33  39  15  3  50  8  14  26  6  26  29  5  29  43  41  49  19  45  37  16  16  50  
26  1  4  39  17  36  27  14  30  15  41  39  13  34  30  21  49  24  10  40  6  1  30  35  44  14  44  29  3  48  33  1  33  13  12  34  48  10  18  32  1  20  35  14  37  28  36  24  8  2  
13  34  17  9  3  20  34  50  29  14  20  35  14  39  40  4  10  34  48  26  25  16  35  8  42  26  46  6  43  31  44  15  39  35  28  41  17  15  33  8  11  8  18  48  32  7  3  7  5  11  
11  3  41  41  4  45  22  24  28  24  47  23  2  20  23  25  27  10  1  43  9  35  46  22  27  24  2  20  47  28  11  43  28  44  13  2  49  2  40  6  9  28  44  41  29  15  24  36  45  33  
8  9  33  17  15  25  26  27  46  31  10  43  28  33  14  16  42  31  46  49  41  45  3  18  30  5  26  22  15  24  19  23  20  47  20  43  40  40  46  41  48  11  3  45  45  11  34  33  43  6  
25  27  28  6  9  46  33  9  32  4  12  4  35  35  29  34  38  16  23  17  12  27  49  26  39  41  3  5  31  49  35  49  25  15  45  42  28  45  48  19  41  44  20  29  50  10  16  32  2  36  
31  25  19  29  39  39  30  48  49  20  23  7  3  40  15  35  8  14  32  8  42  40  12  46  26  43  27  35  25  35  13  28  48  49  43  17  3  12  28  20  13  41  9  1  7  5  42  12  44  13  
15  40  50  19  46  29  1  20  23  44  35  44  48  22  13  6  12  11  13  48  2  30  38  27  36  25  29  30  6  9  24  22  29  41  48  39  24  23  32  47  23  38  45  6  22  20  30  50  12  42  
28  35  12  11  16  23  31  46  8  1  26  13  42  30  4  20  17  45  8  16  23  36  21  7  16  22  9  12  9  50  9  10  5  42  23  44  9  11  36  43  4  24  39  34  10  37  20  46  36  10  
21  11  27  3  36  22  41  32  13  8  36  45  17  3  19  13  9  18  9  9  47  28  23  41  21  30  33  9  49  34  38  27  2  45  32  16  46  46  7  15  36  33  50  42  15  24  47  45  31  21  
2  7  35  33  23  9  49  30  31  27  37  31  22  16  48  27  3  32  37  15  34  12  45  10  48  47  36  4  14  2  10  17  1  21  7  31  12  16  22  33  26  19  36  3  21  22  31  2  29  44  
17  13  45  21  35  31  6  29  2  13  1  21  39  12  17  15  13  26  2  4  3  21  26  16  5  7  4  8  16  22  31  4  36  20  2  38  15  42  35  14  21  14  31  12  18  16  2  14  39  40  
18  20  42  45  25  21  29  11  39  42  11  3  6  37  46  5  45  5  47  11  33  5  10  28  19  40  49  21  24  33  6  13  23  12  35  5  43  37  12  25  42  13  5  47  1  19  49  29  30  46  
20  26  49  37  7  30  28  26  41  18  50  50  38  48  21  43  20  42  14  13  49  8  17  45  22  38  21  43  38  46  30  6  46  10  25  24  21  35  47  36  16  22  47  28  24  1  14  22  38  39  
23  50  10  34  37  2  20  44  4  36  39  1  10  25  11  46  4  19  45  42  28  34  28  36  49  10  20  42  11  15  23  20  49  17  22  10  37  6  24  22  50  30  28  40  44  32  48  48  24  17  
43  6  43  8  49  32  46  47  7  26  31  22  12  42  41  3  43  25  39  19  50  19  19  31  41  21  10  27  48  12  40  11  40  5  9  47  35  4  27  37  24  32  11  24  23  40  22  34  27  25  
4  33  24  42  19  48  50  42  43  22  42  10  36  41  39  37  31  4  24  2  16  13  25  38  12  19  50  39  28  10  43  45  15  23  3  20  13  38  45  4  20  29  29  33  4  27  19  23  42  12  
36  10  14  7  22  8  24  49  40  5  28  2  37  27  35  36  30  27  3  47  31  20  42  11  32  28  37  45  44  16  21  36  24  39  21  36  42  19  49  23  46  4  30  9  20  50  39  25  9  48  
16  22  18  31  10  12  35  7  11  12  7  24  34  29  34  10  7  9  5  32  48  9  29  40  24  42  23  34  46  41  49  32  45  34  19  35  11  5  9  1  40  17  12  21  47  4  29  43  49  26  
40  23  48  38  24  1  5  45  16  29  13  32  18  21  50  28  21  2  22  35  40  49  11  23  45  18  17  40  37  36  7  34  13  3  5  8  25  28  30  31  6  25  8  13  40  2  9  35  4  27  
46  39  38  44  12  17  25  6  36  43  25  8  11  5  31  9  33  46  38  34  4  42  48  42  1  8  8  44  30  8  46  5  3  50  38  29  23  27  16  13  15  21  22  11  35  41  41  8  50  47  
7  36  22  12  31  3  42  12  27  34  16  15  8  18  20  39  29  29  11  24  39  39  2  29  33  4  7  24  5  19  27  18  47  46  18  13  47  43  20  11  47  40  37  16  5  39  25  3  3  29  
45  16  20  4  30  43  16  23  6  6  19  11  24  45  32  42  24  38  36  46  45  4  43  49  34  20  42  47  8  5  16  16  4  33  42  22  5  17  21  21  43  46  13  46  17  25  12  13  13  18  
24  4  6  43  26  37  3  38  44  2  43  6  44  15  33  24  28  22  49  37  14  48  22  2  6  1  40  33  17  40  39  38  9  2  15  33  39  32  38  28  31  39  34  25  11  3  50  30  35  28  
35  5  37  26  1  18  45  35  21  45  17  19  27  24  6  8  23  8  29  7  37  17  50  9  29  16  41  50  4  43  37  30  37  7  1  40  16  39  1  48  49  5  38  20  28  29  33  19  20  15  
10  32  7  5  33  11  14  1  25  50  45  28  32  38  49  12  5  12  34  50  11  14  24  34  13  17  1  15  35  23  8  19  8  6  31  23  26  8  31  16  32  45  26  2  6  33  17  21  22  1  
29  29  39  16  21  49  9  40  50  46  15  29  7  32  27  50  16  6  21  5  19  25  37  4  35  48  13  16  22  11  4  12  30  43  47  49  41  9  2  30  30  36  23  23  39  8  5  31  21  35  
5  37  5  18  5  4  7  36  42  19  32  12  5  31  1  17  44  35  4  25  21  18  20  19  8  37  19  7  21  7  12  39  44  14  37  19  7  49  23  42  12  16  2  17  38  17  45  28  10  24  
50  38  15  14  2  38  39  5  10  28  40  26  30  28  3  23  6  33  33  20  24  47  14  37  7  35  43  25  50  1  22  7  12  4  29  21  50  20  37  29  33  26  19  5  8  13  6  5  34  37  
47  44  44  1  34  28  21  10  14  38  38  48  21  8  8  19  46  28  43  36  7  29  34  14  50  36  38  28  29  13  48  33  10  16  4  18  4  50  8  7  3  35  10  22  41  6  32  18  33  31  
49  17  32  50  48  13  32  16  45  35  49  9  25  46  7  30  1  21  18  29  35  44  36  17  31  31  22  10  40  21  18  9  11  22  24  28  34  33  26  35  22  47  1  32  31  48  1  44  18  4  
6  15  16  40  40  5  40  28  9  3  18  38  4  26  42  22  36  1  50  12  44  32  13  12  25  32  6  41  12  26  28  42  19  11  50  50  29  36  50  40  17  49  40  37  14  36  13  10  11  34  
14  31  47  48  42  16  4  25  5  9  44  47  50  7  37  49  32  37  27  27  43  15  31  32  14  46  16  31  23  3  17  21  41  40  10  27  44  31  19  3  2  15  15  38  36  26  21  40  28  3  
34  28  46  22  28  15  18  13  3  39  48  14  15  50  18  47  25  39  17  18  13  37  32  3  2  29  14  36  19  30  41  46  21  30  39  32  33  3  15  9  28  7  6  43  3  31  43  1  7  19  
32  21  40  10  41  10  37  31  12  32  8  41  19  49  25  31  50  40  28  10  22  31  40  50  18  12  47  19  39  17  26  2  7  27  26  4  30  13  11  24  10  1  32  30  48  9  26  39  14  43  
27  24  30  20  27  44  8  17  33  25  34  18  33  11  38  7  15  44  40  1  20  50  5  47  11  27  32  1  7  47  1  44  34  36  16  12  1  29  10  12  7  48  46  27  43  47  23  41  6  45  
d=691,j=1
score=0.0125736
isearch=1
Number of design examed=40401
phi_p=0.00245543
correlation=0.101801
nterp=220
t0=0.357051
24  10  21  49  28  33  21  13  13  18  23  6  40  22  47  40  8  47  33  47  40  6  30  32  3  34  15  44  2  34  25  50  20  15  25  48  38  9  14  3  49  47  8  25  8  23  43  4  13  8  
23  15  20  38  44  47  22  11  21  32  28  19  1  18  8  10  35  7  26  22  43  14  12  14  24  4  28  12  41  17  22  12  44  47  45  34  47  7  44  16  37  2  16  18  42  29  2  24  2  11  
42  30  22  45  34  14  37  37  17  43  17  10  10  19  26  20  3  3  39  3  41  13  6  41  16  11  21  4  12  1  42  40  40  36  49  6  22  26  25  37  32  33  39  49  18  20  46  15  18  33  
21  24  11  8  7  31  26  28  39  40  50  5  17  35  20  28  14  48  47  26  25  39  27  15  1  25  33  18  42  28  44  23  10  26  40  8  45  34  6  4  28  18  31  40  32  13  4  38  45  4  
6  13  45  6  13  11  11  15  3  35  41  8  9  34  39  3  38  26  17  2  48  11  42  33  41  48  46  23  16  43  39  33  46  2  8  12  48  39  26  35  14  19  22  17  22  10  30  48  3  34  
8  3  25  42  24  1  16  18  26  16  45  20  36  24  11  35  24  6  31  21  28  8  45  12  47  49  31  39  37  23  31  4  33  16  38  2  10  30  47  30  2  29  27  35  6  12  13  3  40  28  
16  38  35  48  45  22  19  23  38  41  8  32  30  43  6  7  33  44  13  24  38  41  29  2  9  30  43  15  9  42  13  8  34  18  6  9  24  2  32  50  12  36  1  41  47  42  48  20  6  12  
33  50  13  46  43  23  49  32  35  9  18  44  23  20  46  21  48  10  45  33  16  10  16  5  35  27  1  13  10  7  34  10  11  48  17  46  50  32  48  36  6  8  25  19  13  4  23  19  14  22  
7  48  18  47  48  38  32  46  29  39  13  28  27  1  42  50  39  17  30  1  39  42  18  44  28  23  9  26  19  37  30  48  41  44  23  17  39  21  37  25  24  16  35  38  49  33  8  43  48  3  
28  5  47  22  50  24  42  42  46  34  39  42  45  16  35  4  25  19  34  44  24  1  38  35  29  14  38  33  39  6  26  44  30  37  26  28  19  5  17  43  7  50  46  47  30  27  28  36  25  10  
40  34  19  30  4  3  13  3  36  30  30  29  44  13  50  14  30  28  38  37  49  28  35  22  26  3  12  40  49  35  37  45  43  29  4  4  41  3  40  27  27  48  28  36  11  35  9  23  39  37  
37  43  10  36  41  49  15  24  32  1  1  18  22  25  28  23  4  46  14  12  19  18  36  30  36  31  44  34  35  18  49  18  9  34  1  13  18  6  9  32  29  1  43  28  31  1  40  7  46  24  
22  26  16  29  17  4  27  5  23  42  6  9  4  45  34  5  21  29  6  32  18  23  34  37  42  7  3  20  3  27  50  30  2  24  13  44  25  13  1  42  9  35  42  16  16  48  14  21  29  18  
48  17  31  43  33  17  31  39  34  37  48  1  43  21  17  1  41  45  7  15  17  17  24  20  49  38  13  5  32  45  45  7  4  9  16  20  42  41  18  12  47  39  19  21  45  2  21  11  34  2  
5  49  38  35  5  41  24  47  40  21  49  22  32  27  16  34  11  32  27  25  33  2  39  24  46  15  8  38  5  39  23  3  17  50  22  38  20  43  19  8  46  40  10  45  26  38  34  46  9  47  
25  20  27  26  39  12  12  31  41  4  15  26  29  40  10  45  6  13  4  45  35  47  2  18  30  8  41  28  45  49  46  25  32  17  15  27  2  15  15  17  16  10  40  34  9  18  41  47  24  36  
45  8  23  10  23  45  23  14  37  49  31  34  16  39  40  43  20  1  19  23  22  26  8  49  50  42  42  43  28  38  21  26  12  40  19  49  33  11  27  19  31  31  12  26  24  47  49  13  49  16  
43  18  12  11  36  10  36  17  24  3  36  49  12  28  43  9  7  11  28  39  6  49  31  45  40  24  50  21  7  40  12  6  29  22  47  10  7  17  16  7  43  38  4  1  50  16  24  28  22  9  
46  46  36  37  25  21  41  12  4  27  47  47  41  12  19  13  9  37  12  49  32  33  33  42  45  32  34  11  29  32  6  39  47  32  31  21  37  44  8  39  33  3  18  43  37  39  17  1  32  46  
35  42  43  5  29  6  18  10  25  6  7  45  42  31  33  47  10  41  1  7  37  40  37  39  23  21  37  41  15  9  20  1  1  25  48  47  34  27  42  48  23  44  13  15  39  9  6  12  33  23  
36  6  24  44  2  7  39  26  49  7  11  3  31  15  27  42  2  42  36  34  11  43  44  31  27  22  7  29  27  14  17  43  28  20  9  36  40  48  50  15  25  5  3  11  14  37  29  33  5  50  
44  27  33  31  40  44  5  4  47  22  42  33  14  17  22  26  15  39  37  4  47  7  9  26  37  20  20  32  33  47  3  9  16  5  29  33  8  20  2  49  21  9  41  12  44  7  16  22  17  31  
34  35  40  15  46  16  45  40  48  31  44  48  5  10  2  19  22  31  23  38  3  29  43  21  17  29  45  46  31  22  47  37  35  6  39  29  43  42  34  11  48  27  45  5  23  32  20  14  20  41  
17  36  28  39  10  25  14  45  14  11  20  12  21  4  9  22  37  43  29  10  2  44  23  46  8  5  30  47  20  11  5  11  48  31  5  18  49  14  10  28  38  43  14  22  21  3  37  44  27  17  
11  19  32  33  3  29  46  29  30  2  38  13  34  36  41  36  46  40  20  42  50  35  3  9  7  43  49  25  38  25  10  31  42  33  18  45  5  38  3  46  13  49  37  2  35  30  18  2  16  1  
13  12  34  13  30  9  1  2  20  29  34  4  24  5  14  12  19  38  40  50  10  45  13  17  21  36  36  14  6  33  14  16  36  45  35  39  17  33  43  34  42  12  49  48  10  31  45  10  36  6  
47  41  15  28  27  28  9  33  8  48  32  2  8  8  38  39  32  15  2  48  12  32  28  34  4  37  6  45  50  31  7  27  13  41  42  32  12  12  35  29  20  34  2  9  41  22  42  40  10  20  
10  11  6  24  18  27  10  49  5  45  14  27  49  49  31  46  26  27  41  29  13  20  41  13  31  13  24  50  14  36  32  35  50  4  43  31  26  46  39  44  39  22  50  10  48  6  7  30  11  26  
4  9  1  2  49  8  50  48  7  33  9  16  6  14  3  33  29  21  21  11  15  21  46  27  12  17  48  48  43  48  11  2  25  30  41  42  29  37  4  6  8  21  47  50  40  25  39  35  4  39  
15  4  37  23  42  20  4  43  12  47  43  35  15  29  44  25  12  49  43  6  14  50  25  25  48  18  14  2  22  3  4  21  3  7  11  24  28  1  24  14  35  32  36  31  28  14  11  31  12  44  
9  14  48  17  8  42  29  25  11  8  22  14  50  41  1  8  16  9  24  14  27  46  22  43  34  39  22  9  30  5  43  15  19  39  20  37  27  23  49  40  44  46  44  14  20  34  36  17  23  13  
38  29  5  16  19  5  3  38  50  23  37  36  39  47  12  24  31  18  42  13  30  34  10  47  22  33  16  1  18  29  28  19  38  27  46  43  11  18  5  21  3  26  11  46  7  45  15  5  1  48  
14  21  2  18  37  15  8  16  43  15  35  50  25  6  30  31  13  5  11  27  8  4  15  3  20  44  29  17  36  8  19  36  21  12  7  5  35  35  13  38  45  42  20  23  3  50  5  25  21  15  
49  2  46  40  32  39  43  35  45  20  16  11  2  50  24  38  18  22  15  20  36  25  21  1  39  40  27  49  13  20  1  41  6  1  34  25  44  22  36  24  19  30  17  42  17  41  27  37  37  40  
18  40  3  25  21  37  48  7  6  44  46  38  46  38  7  27  36  20  18  5  5  31  1  16  15  12  40  10  25  44  40  38  8  28  28  50  13  40  23  10  34  45  29  30  1  17  33  29  35  49  
1  23  7  9  22  36  34  41  27  13  24  7  33  46  36  37  49  34  22  36  42  30  40  7  44  45  32  8  17  15  41  14  45  42  21  26  36  4  11  13  41  24  9  3  43  21  50  32  38  38  
12  22  30  19  35  30  6  21  19  25  12  25  48  26  29  32  42  8  3  28  44  24  49  19  6  6  10  31  4  2  16  17  31  13  10  23  23  28  7  23  36  13  5  24  5  26  1  18  47  27  
39  25  26  3  38  50  28  19  9  5  21  31  28  48  5  18  34  4  44  18  4  22  32  48  25  26  2  16  34  41  8  29  22  38  3  1  31  50  33  47  15  23  34  6  29  19  44  26  19  25  
26  31  41  34  26  35  17  1  18  38  10  46  26  32  49  17  43  35  49  17  20  36  26  28  5  50  5  36  46  24  48  5  5  43  24  19  14  45  21  18  5  41  38  32  4  43  19  45  41  35  
32  32  14  50  31  2  25  20  1  26  40  17  38  42  45  6  28  16  10  16  34  15  17  11  43  19  26  30  24  16  9  49  18  10  14  22  1  36  45  2  11  7  32  8  46  46  38  34  28  5  
19  7  4  27  16  18  35  8  42  19  5  41  3  44  23  2  44  25  8  31  23  27  14  23  14  9  4  37  40  12  18  46  27  35  37  41  6  49  46  20  50  28  26  44  38  5  31  50  42  45  
2  39  50  4  1  13  30  44  44  50  27  37  20  23  32  15  17  36  25  8  31  16  47  36  19  46  19  24  23  30  27  42  15  21  36  15  9  8  38  33  26  6  30  4  12  11  32  6  15  42  
29  28  44  12  14  32  38  36  16  46  3  23  18  2  37  41  5  12  5  30  7  5  19  8  11  28  25  27  8  50  33  22  49  49  2  16  15  19  31  5  18  37  33  39  27  8  10  8  31  29  
20  45  29  32  11  43  2  27  15  17  26  39  7  37  4  29  27  30  46  43  1  12  50  29  10  1  47  6  21  46  2  34  23  23  32  40  30  16  41  41  10  25  21  29  19  24  12  49  44  21  
27  47  49  20  20  40  20  6  33  24  19  43  47  11  13  30  23  23  9  46  21  38  7  4  33  41  11  3  47  4  29  28  39  8  44  30  46  29  29  9  4  20  48  27  15  15  47  39  8  7  
30  1  42  14  15  48  33  30  28  10  33  30  19  3  15  16  47  24  16  40  29  37  11  40  13  2  17  35  1  19  15  47  7  46  30  7  21  25  28  1  1  15  15  33  33  36  3  16  30  19  
3  44  39  7  12  19  47  22  2  14  29  40  13  33  48  49  40  2  32  19  46  19  48  50  2  10  23  22  48  21  24  13  14  3  27  11  16  31  20  22  30  17  24  37  36  44  25  9  26  14  
41  33  17  41  9  26  7  50  31  36  2  21  11  9  21  44  45  14  48  41  45  9  5  38  38  16  35  7  26  26  35  24  24  11  33  3  3  47  22  26  22  14  6  13  25  28  35  27  50  30  
31  37  9  1  6  34  40  34  10  28  4  24  35  7  18  11  1  33  50  9  9  3  4  6  18  47  18  42  44  13  36  32  26  14  50  35  32  10  12  31  17  11  7  7  34  49  26  42  43  32  
50  16  8  21  47  46  44  9  22  12  25  15  37  30  25  48  50  50  35  35  26  48  20  10  32  35  39  19  11  10  38  20  37  19  12  14  4  24  30  45  40  4  23  20  2  40  22  41  7  43  
d=673,j=1
score=0.011843
isearch=1
Number of design examed=73412
phi_p=0.00245798
correlation=0.0976679
nterp=320
t0=0.357051
50  29  19  6  17  22  47  21  21  14  36  5  22  36  19  12  4  13  26  22  27  23  27  3  1  26  38  33  3  11  24  39  29  28  3  37  42  48  48  3  31  36  14  47  43  49  36  49  21  40  
44  20  36  26  23  14  43  1  23  29  43  20  49  35  31  11  7  40  40  26  36  18  50  15  8  31  19  43  28  7  14  27  25  50  31  36  36  7  13  27  6  48  18  30  1  24  3  2  29  49  
28  4  48  14  43  41  12  49  31  33  40  46  35  41  27  43  30  4  35  12  28  20  34  26  3  43  14  1  10  40  44  48  20  21  41  40  15  33  38  36  49  28  40  46  13  11  12  30  31  44  
47  35  37  1  9  50  4  10  5  6  28  44  10  20  38  15  20  41  27  30  15  9  42  25  22  46  2  25  23  41  7  15  4  2  44  28  18  24  17  6  11  7  21  7  28  19  39  24  22  20  
19  26  8  17  2  35  16  36  42  41  4  1  18  30  25  20  17  39  34  44  20  6  3  11  28  16  22  41  18  50  30  45  17  18  49  33  34  26  49  41  42  49  2  3  18  43  50  32  20  32  
26  32  25  8  35  26  33  25  50  28  38  2  1  45  49  13  45  30  41  36  33  47  9  14  23  45  45  12  7  23  40  13  49  37  34  21  28  1  9  46  30  11  15  24  26  13  44  7  25  10  
11  24  5  12  42  45  39  35  17  11  39  23  36  38  11  39  44  19  33  16  49  42  40  50  14  39  12  16  48  39  31  4  39  17  48  4  29  41  27  20  45  29  8  20  25  39  46  18  2  15  
49  27  13  16  10  10  32  46  43  45  3  40  8  6  13  30  42  35  43  4  10  37  26  22  47  23  30  26  41  8  49  33  24  22  35  35  50  21  42  12  1  8  12  21  16  22  41  22  11  41  
6  34  23  42  39  32  3  33  46  25  21  21  7  13  16  14  2  50  3  21  31  44  41  46  10  13  24  5  14  4  12  31  15  39  36  11  32  12  14  14  47  38  9  41  23  33  9  11  9  19  
34  40  1  9  31  43  14  32  22  38  27  9  21  4  23  49  23  7  42  25  8  49  13  38  24  19  16  34  26  31  13  14  16  23  1  38  19  3  25  4  44  34  32  31  5  6  6  4  50  18  
2  16  29  15  19  3  24  34  27  40  42  4  3  2  45  6  49  29  6  34  32  17  48  2  29  41  4  10  38  22  6  16  35  11  12  45  7  45  45  29  27  41  37  25  14  2  32  26  15  28  
8  23  9  22  16  40  38  27  40  18  45  38  17  1  1  37  21  46  39  5  45  40  32  17  9  7  42  49  35  38  36  49  30  33  4  25  13  15  50  47  12  17  43  40  29  16  29  6  10  12  
43  37  35  23  32  4  48  48  25  5  5  24  38  5  12  33  15  44  8  15  39  16  17  33  20  47  39  37  46  14  8  5  31  44  42  32  2  36  46  37  46  14  30  6  12  35  5  17  42  24  
17  49  44  10  36  24  23  41  7  23  44  37  25  40  30  7  47  5  44  2  2  7  1  21  26  9  3  50  39  13  27  24  26  35  26  9  23  20  18  28  18  40  33  23  11  32  35  46  5  36  
35  11  15  3  28  29  36  14  48  27  1  18  43  31  6  5  24  18  23  18  6  45  24  35  49  12  5  4  42  30  18  26  14  32  10  31  1  31  12  48  20  42  45  11  46  46  26  42  26  17  
37  18  40  34  3  34  26  24  36  22  46  13  16  27  21  24  27  34  12  31  5  25  28  30  36  28  31  29  45  42  19  47  32  46  43  8  46  46  22  1  40  44  47  5  44  28  7  31  7  4  
23  1  45  29  8  36  8  38  15  16  22  14  2  8  8  50  25  22  7  33  17  5  11  10  27  40  50  18  30  28  10  41  6  14  8  43  35  28  2  43  16  16  28  37  3  27  28  33  16  50  
45  6  30  20  45  8  6  5  4  7  17  32  24  17  3  29  48  28  47  38  46  39  18  24  7  24  47  19  40  9  17  42  9  24  37  18  3  35  34  2  25  47  6  43  21  18  25  27  38  30  
42  15  14  11  20  5  25  50  19  9  33  16  37  3  22  38  14  10  28  49  48  8  29  29  43  25  8  22  24  47  41  37  46  41  40  12  41  11  1  39  10  39  10  17  10  47  33  29  41  2  
20  36  46  37  48  19  10  15  35  10  50  29  11  7  33  45  34  26  9  8  47  28  2  9  42  11  36  24  17  18  32  36  41  20  33  49  4  4  44  10  9  26  29  2  36  50  24  41  27  39  
30  39  50  21  30  38  45  23  39  48  24  47  50  12  42  44  46  47  15  19  7  3  38  20  13  4  46  32  21  37  26  22  19  29  15  16  6  38  3  8  38  24  3  1  30  8  16  35  35  14  
12  12  4  49  46  13  11  30  16  44  19  31  48  24  35  1  10  27  30  13  18  12  10  28  16  50  41  21  15  26  45  46  44  10  14  41  22  30  7  32  39  12  13  10  2  21  17  16  8  8  
38  31  11  39  49  6  20  3  10  37  41  3  28  33  18  46  32  6  13  14  1  34  39  42  41  2  26  14  36  33  9  44  40  25  45  50  16  32  33  49  33  15  7  9  22  9  49  25  44  26  
18  19  33  19  38  21  35  19  26  4  2  8  47  32  14  21  12  14  32  7  37  14  6  13  45  20  23  36  1  2  46  12  23  19  46  27  11  10  8  30  48  22  42  44  41  7  30  8  1  37  
1  13  21  41  33  11  41  16  29  12  35  49  32  19  26  19  19  45  24  17  4  48  12  34  6  49  7  46  19  44  29  35  21  12  23  44  48  16  16  13  19  30  1  42  49  20  13  50  18  38  
15  38  26  48  6  39  50  28  24  20  16  34  13  43  47  36  5  25  18  24  35  46  7  37  44  29  32  17  33  19  39  2  18  31  50  46  14  50  11  22  3  50  39  33  15  15  19  23  43  16  
3  44  34  7  15  18  13  2  34  26  34  11  39  11  34  3  28  24  38  32  16  30  37  39  40  27  49  23  20  6  50  28  3  16  32  7  20  42  39  23  24  6  25  49  17  48  2  38  48  1  
32  28  24  47  44  48  9  17  18  43  30  30  44  10  50  17  11  32  45  47  40  19  5  40  46  44  29  7  43  27  25  34  8  48  20  5  24  18  47  17  23  20  34  45  34  3  47  48  37  27  
7  42  39  5  18  47  42  9  1  39  15  43  26  25  29  28  3  15  20  11  42  24  31  43  18  8  27  3  34  24  3  18  48  7  18  29  5  2  36  5  5  25  19  26  31  30  42  36  4  11  
39  43  47  33  14  9  18  43  12  3  8  50  20  39  41  31  22  17  29  9  23  43  43  8  35  22  11  40  22  43  28  40  43  26  5  10  12  22  37  38  43  35  11  48  20  36  37  1  49  13  
29  48  22  13  1  31  22  29  2  21  49  39  46  15  32  8  35  23  5  41  29  33  30  45  37  38  48  47  11  25  43  19  7  40  13  48  21  8  20  40  50  27  31  18  47  17  18  45  14  45  
33  33  27  32  26  44  15  31  49  24  29  27  40  34  20  10  6  9  2  28  44  38  14  7  48  15  40  42  6  35  5  43  38  8  28  3  37  40  24  7  7  2  4  29  27  4  8  39  36  21  
21  3  42  18  24  15  5  39  3  42  20  10  23  18  28  16  1  31  22  3  19  50  35  18  5  10  34  20  31  36  38  1  37  34  25  14  44  49  43  26  17  10  48  8  50  23  10  15  33  35  
36  45  12  2  40  7  30  11  14  15  7  45  19  14  48  34  38  33  25  45  21  26  8  23  4  21  15  27  5  45  2  20  36  15  30  24  47  44  41  42  4  43  41  28  37  12  4  21  3  25  
24  47  6  28  22  28  40  12  37  49  23  28  9  37  10  41  9  20  49  10  50  29  44  12  33  32  20  6  16  21  16  23  1  38  22  15  39  47  4  19  35  1  27  4  38  31  20  43  39  47  
4  25  3  24  13  17  29  20  11  46  11  12  14  44  15  35  43  12  10  1  38  4  4  19  39  48  18  48  29  17  37  50  2  13  29  2  30  25  21  33  13  45  23  16  42  10  14  34  45  6  
46  14  20  35  47  25  49  7  47  36  47  36  5  9  17  22  18  16  14  20  13  1  23  44  25  34  28  9  13  48  42  11  22  9  16  1  33  23  31  21  14  33  44  22  24  40  43  3  40  42  
14  10  18  31  11  1  27  22  44  17  14  48  29  26  24  9  50  1  31  37  14  10  36  36  12  6  33  11  9  10  1  29  12  47  39  17  45  5  32  34  28  21  35  13  40  1  45  28  46  5  
48  22  7  46  34  27  2  37  33  1  32  25  4  28  5  26  13  49  46  27  9  2  33  48  32  14  10  30  2  16  48  7  45  27  9  30  9  39  5  31  21  23  16  27  39  14  15  47  24  9  
5  17  43  38  41  23  44  44  9  19  12  7  30  42  7  48  29  42  37  39  11  27  46  32  38  42  43  15  4  32  21  25  28  30  2  23  40  9  29  11  2  32  20  14  35  5  23  20  17  48  
31  9  38  50  27  33  37  6  45  31  10  22  15  16  37  32  37  3  50  29  22  15  20  5  34  37  9  35  47  34  23  3  27  36  17  42  27  19  30  24  37  5  17  50  45  45  1  12  6  7  
13  46  32  45  7  12  7  42  38  50  18  17  33  23  43  18  26  2  48  23  30  31  45  47  17  30  37  38  37  46  4  17  11  4  24  34  17  43  6  45  8  46  26  34  32  42  40  19  13  33  
41  7  31  36  12  49  17  4  28  30  9  6  31  22  36  42  36  21  4  43  41  41  19  49  19  35  6  39  8  15  15  32  47  45  27  22  8  37  23  15  15  4  50  15  7  44  31  13  12  34  
27  50  41  40  21  46  28  45  6  34  26  26  41  21  9  2  39  48  16  42  24  22  16  4  21  18  1  2  44  5  33  38  10  6  38  39  43  17  19  25  34  31  24  32  48  37  34  5  47  29  
40  2  16  43  37  42  46  40  8  13  37  42  6  29  40  23  16  8  21  48  34  35  22  16  15  3  17  13  49  3  34  6  13  1  21  13  26  13  28  50  32  13  22  12  9  38  11  37  30  22  
9  41  28  27  5  20  1  13  32  32  25  33  45  50  2  47  8  11  19  50  3  32  15  6  11  33  21  8  27  20  47  8  33  49  19  6  10  34  26  16  22  18  5  19  4  25  38  9  28  31  
25  30  2  44  25  37  31  8  30  2  13  19  27  46  39  25  33  37  1  40  12  36  49  1  2  17  44  28  12  29  35  30  34  3  47  19  31  6  10  35  41  37  49  39  19  41  22  44  32  43  
22  21  49  25  50  30  19  18  20  47  6  41  12  47  4  27  31  43  17  35  25  21  47  27  30  36  35  44  25  12  22  10  42  42  11  47  49  29  35  44  29  9  46  36  8  26  48  40  23  3  
10  8  10  30  4  2  34  26  13  8  48  15  34  48  44  4  41  38  11  6  43  13  21  31  31  1  25  31  32  49  20  9  5  43  6  26  25  14  40  18  36  3  38  38  6  29  27  14  19  23  
16  5  17  4  29  16  21  47  41  35  31  35  42  49  46  40  40  36  36  46  26  11  25  41  50  5  13  45  50  1  11  21  50  5  7  20  38  27  15  9  26  19  36  35  33  34  21  10  34  46  
d=694,j=1
score=0.00812228
isearch=1
Number of design examed=107122
phi_p=0.00243501
correlation=0.0816411
nterp=420
t0=0.357051
9  34  44  40  38  5  32  34  23  43  35  40  34  38  40  20  14  50  10  8  5  6  50  45  13  50  23  24  34  33  20  2  16  22  17  37  20  10  25  32  43  28  50  42  6  3  25  10  21  41  
32  36  10  39  12  46  16  17  48  45  11  43  27  15  17  31  4  46  2  37  46  20  27  24  2  25  28  13  9  40  14  6  50  25  40  26  46  15  45  21  45  48  32  26  7  38  40  23  30  16  
43  13  2  2  2  15  8  12  5  37  15  21  33  23  23  44  19  24  15  45  14  13  16  49  38  38  21  29  29  39  33  12  45  48  25  43  21  29  41  5  31  4  21  2  23  18  44  41  10  23  
24  28  46  16  32  42  9  49  47  4  5  23  24  28  26  17  41  32  35  2  27  29  44  37  29  11  25  22  13  11  37  7  17  12  41  41  50  35  16  3  18  17  47  16  45  16  36  45  9  43  
28  7  15  7  11  20  35  48  7  3  25  48  36  19  32  10  42  16  28  43  44  14  15  28  1  39  10  11  24  1  34  43  21  23  46  13  18  25  13  38  50  6  34  43  19  43  42  47  38  31  
26  44  21  29  41  50  45  46  2  10  10  8  29  22  12  25  47  38  47  31  36  17  4  30  36  32  33  4  15  45  36  14  23  46  19  48  2  3  21  11  8  19  48  47  24  23  12  25  28  24  
50  17  7  26  36  19  48  9  30  34  21  35  5  45  22  33  39  2  48  13  13  23  26  48  43  41  4  19  23  31  13  21  42  34  47  8  30  49  46  37  12  46  23  25  22  19  48  39  25  40  
10  43  30  37  37  11  4  10  31  6  42  5  31  35  3  6  9  36  39  34  24  34  31  12  15  43  12  50  39  25  30  26  26  47  38  28  36  5  18  27  19  29  9  14  17  20  43  46  1  46  
49  41  48  38  26  33  12  26  9  40  8  45  18  34  11  5  34  4  4  38  48  43  19  33  21  33  45  30  21  13  8  41  27  27  11  27  16  40  22  41  29  49  28  11  13  4  17  19  11  3  
5  5  49  1  39  7  13  33  44  18  14  3  41  47  31  34  27  28  33  41  42  31  18  41  32  21  16  6  10  48  17  20  10  28  2  15  41  28  38  30  44  50  41  39  36  37  50  14  37  17  
8  47  38  18  3  14  30  5  42  14  46  16  23  20  8  3  30  15  27  17  33  18  1  23  17  9  3  36  47  38  38  23  12  11  3  17  37  27  40  13  13  30  27  12  44  8  6  9  40  1  
25  23  6  32  24  34  14  18  17  5  18  49  4  50  33  16  40  48  36  30  47  15  47  22  31  42  32  12  37  15  3  35  4  15  1  5  8  14  50  20  11  40  11  21  46  25  29  31  15  12  
7  14  37  13  15  41  27  20  24  8  12  46  22  30  4  39  35  12  8  1  31  9  32  7  37  46  5  41  43  35  24  28  49  37  20  7  1  13  6  7  39  38  31  10  20  49  4  32  13  20  
45  38  4  49  29  10  23  43  40  25  7  13  12  10  21  7  6  5  42  12  28  40  37  16  45  5  36  8  22  9  6  15  28  32  7  25  11  17  1  12  27  18  4  38  4  14  39  6  31  30  
20  39  3  4  33  45  11  16  21  7  38  31  38  8  34  24  3  1  9  33  12  25  41  15  33  27  31  2  20  22  4  19  2  39  27  42  17  31  23  42  9  45  46  23  37  6  38  49  45  13  
36  35  28  28  5  17  42  45  20  42  43  50  49  36  16  2  12  20  24  25  50  8  9  5  42  24  35  26  11  12  39  1  14  41  32  11  26  50  28  14  21  23  18  6  47  24  3  20  33  48  
1  27  45  44  46  27  1  29  49  13  49  34  19  9  20  27  28  14  41  49  34  4  7  14  47  40  19  44  19  20  26  16  44  17  12  34  7  44  35  44  16  3  26  41  12  2  37  35  39  19  
4  50  29  5  42  28  29  8  4  36  13  9  44  5  44  22  13  35  50  39  11  1  17  21  18  16  11  27  5  18  5  36  34  26  8  2  44  46  27  19  7  25  33  13  8  41  24  21  8  14  
46  20  16  15  19  48  43  39  26  20  24  19  17  11  15  28  37  49  6  44  8  50  40  9  40  35  22  35  44  26  22  9  5  2  5  14  47  47  10  15  32  15  25  28  1  33  47  24  44  34  
44  49  39  20  48  12  20  21  8  49  19  20  32  32  14  38  16  13  17  35  41  35  23  10  49  12  7  34  17  30  44  25  9  16  33  38  43  16  44  31  38  44  24  45  9  27  7  48  16  10  
39  30  32  47  34  49  46  7  39  16  23  12  46  25  9  41  31  9  30  47  21  11  39  17  11  48  47  40  1  10  31  30  39  14  16  10  28  2  29  4  20  39  13  48  38  35  15  29  41  37  
16  4  41  6  16  38  25  30  6  11  9  38  1  33  37  14  15  22  21  14  7  10  30  19  48  44  50  20  8  46  35  22  13  40  34  3  35  24  43  39  23  22  7  37  3  13  13  3  20  50  
27  42  26  22  21  29  34  35  38  21  1  18  21  29  49  49  21  29  38  46  2  28  20  46  41  31  2  37  35  4  50  39  20  43  13  46  29  32  5  48  40  37  1  35  34  26  26  12  6  11  
19  25  18  43  22  25  24  50  32  2  44  32  39  3  35  19  11  44  3  42  22  48  12  43  34  22  40  14  14  50  19  33  36  49  15  4  38  19  3  45  1  24  29  17  28  22  10  42  18  28  
23  32  24  9  13  8  37  42  10  26  36  4  10  48  25  8  8  18  49  40  16  38  36  47  3  45  44  42  28  29  9  32  33  13  37  18  31  34  14  1  49  42  35  24  39  9  5  40  50  7  
17  16  17  10  40  9  40  2  41  46  39  39  13  2  24  18  43  45  45  19  32  49  34  38  50  15  26  28  3  28  42  27  15  24  24  35  3  48  20  43  14  43  14  20  26  46  8  33  34  15  
35  1  40  33  9  22  39  11  37  41  28  15  45  27  46  21  23  11  31  23  29  46  48  1  5  37  20  10  32  7  47  5  43  19  14  20  22  8  30  50  6  16  39  36  14  42  33  16  5  8  
33  22  13  36  1  39  5  27  29  50  32  22  43  16  7  23  50  25  34  28  4  2  11  39  16  30  14  18  25  32  12  17  1  10  48  45  15  1  8  49  34  32  6  3  10  34  19  17  26  49  
42  9  42  25  7  18  22  19  34  22  27  30  42  7  19  50  20  42  29  10  43  16  45  35  4  2  42  46  45  19  1  29  3  45  30  21  32  37  39  29  22  21  22  46  15  30  21  50  27  9  
29  37  12  12  6  2  10  31  25  1  29  27  14  46  41  43  33  31  13  20  25  45  33  18  6  18  38  47  12  2  28  44  35  33  18  50  10  41  33  24  5  20  45  27  5  48  9  5  17  39  
11  46  33  35  10  36  31  47  28  28  50  37  40  18  47  45  24  7  40  3  38  30  28  29  30  47  37  38  27  23  27  50  29  3  9  30  42  11  48  36  48  5  5  5  18  32  28  28  29  35  
12  3  19  14  35  21  38  38  27  35  20  29  11  13  36  4  45  19  11  50  3  5  8  36  25  6  41  48  50  21  48  48  38  9  26  29  27  7  36  6  4  47  44  30  21  28  32  34  24  32  
40  2  5  23  49  47  50  41  50  15  16  1  47  42  38  35  7  23  22  18  49  26  35  34  22  8  6  39  26  37  25  38  18  5  45  31  6  39  26  8  10  9  15  4  11  10  2  26  19  29  
31  8  14  30  30  37  18  37  18  31  45  17  7  37  18  46  1  43  44  5  18  3  14  6  23  23  8  5  40  6  40  34  37  44  6  32  40  18  37  23  28  41  43  7  16  29  20  2  49  26  
38  18  47  41  8  16  49  13  3  12  37  2  20  1  13  26  10  41  20  22  6  37  6  31  39  26  27  33  6  5  16  40  6  31  29  23  4  20  47  25  46  35  30  19  50  47  41  15  23  36  
48  26  50  3  50  24  19  28  12  9  40  47  30  44  28  29  17  3  43  7  30  19  24  50  20  10  46  21  46  34  29  31  30  30  36  40  39  4  7  16  3  34  10  15  32  39  49  13  32  21  
47  29  23  45  27  23  3  6  11  29  41  36  35  43  30  32  29  39  46  6  1  33  10  3  27  14  43  31  2  47  43  47  22  8  10  24  25  42  2  26  42  11  40  34  41  11  16  37  4  27  
41  19  20  19  43  6  2  40  46  33  17  41  16  4  45  9  18  17  1  16  9  32  21  4  19  49  13  45  36  44  18  42  19  21  23  44  24  22  34  10  25  7  8  50  49  50  11  22  42  6  
37  48  22  46  45  44  7  15  14  38  31  6  15  14  27  13  32  10  14  32  17  22  42  40  8  13  34  15  42  27  49  10  46  35  28  6  14  43  42  35  47  12  16  1  35  45  14  44  43  42  
21  31  34  17  17  4  47  4  33  17  3  42  9  31  43  15  2  40  19  24  10  47  3  11  7  3  29  9  38  36  32  8  31  20  49  47  5  33  11  28  26  27  20  9  27  36  31  43  46  33  
14  40  35  48  20  3  41  36  43  39  2  14  25  39  5  47  26  27  25  36  26  24  22  2  35  28  24  17  49  41  15  49  24  6  42  19  9  30  31  47  2  8  49  18  40  40  27  38  22  45  
3  33  8  24  47  35  17  22  35  48  6  28  50  40  48  36  38  34  16  4  20  27  13  27  24  20  48  32  33  3  46  24  11  36  39  1  13  12  24  17  36  31  19  29  2  12  34  8  47  2  
6  10  1  50  18  31  28  1  19  47  26  33  26  17  29  40  46  6  37  21  45  44  2  26  10  36  30  25  48  43  21  11  7  38  4  39  48  36  9  9  17  33  42  40  29  31  23  27  12  47  
30  11  11  27  31  30  26  3  36  32  22  7  37  26  6  11  48  47  18  11  40  39  29  13  46  29  39  23  41  24  10  45  47  50  50  49  49  21  19  40  37  10  36  22  43  5  22  1  48  22  
22  21  25  42  14  43  33  23  16  24  47  25  3  41  42  1  5  26  26  27  39  7  46  25  44  1  18  49  30  42  23  18  32  29  43  16  23  26  15  33  35  14  37  49  48  44  45  4  3  18  
13  15  31  31  44  13  44  24  13  19  33  10  6  6  39  48  44  33  5  9  23  21  5  8  26  34  49  1  18  14  7  4  40  7  35  33  45  38  17  34  41  36  2  8  31  21  30  30  2  4  
34  12  36  21  28  1  15  14  45  30  34  11  2  21  10  30  22  8  7  26  35  12  38  44  14  19  15  3  4  16  45  46  8  1  31  12  33  9  4  18  30  2  38  31  25  7  35  11  7  38  
2  24  27  11  4  40  36  44  22  23  30  44  48  12  1  12  36  30  23  29  15  41  49  20  9  4  17  16  16  49  41  37  48  18  22  36  12  45  49  22  33  26  3  44  33  1  46  7  14  25  
15  6  9  34  25  26  21  25  1  27  4  24  28  49  2  37  25  21  32  15  19  36  25  42  12  7  9  43  7  8  2  3  25  4  21  22  34  6  32  46  15  1  12  33  42  17  18  36  35  5  
18  45  43  8  23  32  6  32  15  44  48  26  8  24  50  42  49  37  12  48  37  42  43  32  28  17  1  7  31  17  11  13  41  42  44  9  19  23  12  2  24  13  17  32  30  15  1  18  36  44  
d=704,j=1
score=0.00749943
isearch=1
Number of design examed=902824
phi_p=0.0024326
correlation=0.0783017
nterp=520
t0=0.357051
11  28  3  14  30  17  42  24  18  15  27  30  17  32  47  14  12  48  8  47  48  49  39  2  20  50  30  23  2  4  47  41  30  8  20  20  4  33  9  31  24  42  46  30  28  46  41  30  29  37  
42  23  13  45  29  26  29  23  28  42  28  33  2  31  11  26  8  6  23  10  45  50  45  5  49  3  45  50  25  24  4  46  42  24  47  37  33  25  18  8  44  21  14  40  35  40  45  17  34  8  
45  33  33  11  18  9  48  46  49  6  47  32  8  16  7  24  40  42  32  7  4  11  7  21  27  2  9  9  27  20  25  11  32  6  9  22  45  42  12  25  38  28  10  24  48  45  7  48  10  22  
44  25  31  2  22  45  37  2  48  33  40  23  25  19  9  44  39  40  39  49  10  8  36  43  24  34  8  15  11  16  14  22  46  5  48  19  1  14  48  43  28  29  32  21  47  12  24  18  24  50  
19  35  9  46  11  22  46  29  39  26  4  24  10  45  24  4  19  21  44  32  46  6  12  10  11  42  47  1  29  30  5  7  11  37  12  9  21  50  30  33  12  4  18  31  44  13  44  39  35  4  
3  16  47  8  3  19  18  49  44  43  26  48  32  33  30  28  33  24  2  36  34  10  47  11  37  10  33  24  38  9  8  18  14  1  29  32  26  43  43  18  2  45  13  37  27  37  19  37  28  38  
36  22  23  29  10  4  47  13  47  32  14  6  36  1  32  22  13  50  41  1  37  19  21  8  39  39  19  18  28  45  17  48  6  38  44  43  15  9  15  37  31  39  44  17  21  28  12  29  23  40  
20  24  41  32  47  48  33  20  7  40  6  17  14  44  14  2  35  41  5  35  8  12  30  29  44  21  42  48  18  41  40  31  2  23  43  8  49  31  42  10  39  8  24  32  4  17  11  32  17  32  
31  30  44  24  25  18  4  34  24  28  1  40  18  4  37  7  5  39  35  34  18  32  34  32  8  41  23  40  10  27  32  1  40  42  41  10  25  47  23  19  4  26  39  27  9  33  20  11  20  13  
50  8  28  4  24  15  14  38  43  36  44  8  6  35  36  9  25  35  15  18  15  21  17  35  38  17  31  41  49  47  44  14  45  3  17  42  11  28  40  5  5  35  20  16  7  2  13  1  31  11  
38  29  4  28  2  34  8  17  14  41  38  36  16  36  27  45  21  46  46  38  29  27  35  1  3  26  20  6  12  7  46  25  31  49  34  33  48  30  35  9  17  7  9  9  1  35  1  14  7  45  
32  40  29  25  32  43  40  35  3  11  42  37  41  8  18  30  45  23  36  4  36  26  48  24  45  29  15  10  39  19  45  16  29  25  40  3  29  38  50  4  47  12  36  48  6  26  26  19  50  25  
1  12  18  1  16  42  32  4  23  18  16  3  42  30  20  13  17  19  6  25  24  15  8  26  30  1  10  32  16  33  26  15  20  40  46  38  35  22  28  3  3  48  31  4  3  42  50  31  38  16  
46  15  21  43  14  49  19  21  20  2  48  42  46  13  45  11  37  27  11  33  9  48  22  41  31  14  40  3  41  5  24  36  18  29  1  14  40  8  17  39  8  50  7  15  37  25  8  34  42  9  
18  11  20  3  44  8  11  1  12  46  35  25  15  22  29  33  29  15  19  22  20  5  29  30  29  49  50  26  23  12  48  26  1  14  42  23  42  21  36  49  37  49  33  25  38  11  2  8  45  6  
17  9  30  44  26  50  45  36  32  5  50  47  50  18  4  34  4  16  16  46  33  1  4  6  4  23  48  43  4  25  9  24  35  13  8  11  3  34  39  28  11  15  34  29  16  32  21  16  40  12  
8  41  7  40  9  36  28  30  29  49  31  29  13  24  35  3  41  3  28  50  21  28  15  33  25  4  13  21  47  6  30  28  50  43  26  41  7  17  25  36  50  31  45  36  11  5  27  21  11  10  
35  50  6  37  34  2  7  14  40  30  22  27  47  25  28  20  47  7  9  17  16  2  9  27  22  9  41  14  7  42  36  38  10  46  11  18  2  6  34  13  23  37  47  22  31  50  35  20  12  33  
12  32  10  22  40  23  17  8  13  12  12  2  28  23  17  38  48  8  7  14  5  41  44  4  7  46  22  5  43  43  11  21  41  26  37  26  19  41  27  23  43  17  11  42  23  15  6  41  19  1  
29  26  17  9  46  20  27  27  17  45  41  5  1  26  21  47  18  47  12  43  22  18  19  48  34  15  18  46  42  11  38  30  25  41  23  2  6  35  6  17  29  5  35  19  41  27  47  23  41  2  
10  1  24  39  33  37  15  44  4  31  46  16  43  48  25  12  16  31  22  30  25  25  37  44  43  45  21  11  37  44  34  39  9  32  6  34  14  48  8  26  48  16  21  11  22  48  22  45  8  47  
24  4  45  20  49  13  9  10  33  50  30  41  30  10  39  18  31  33  45  48  23  43  20  9  1  18  17  34  34  49  49  23  16  34  16  31  12  10  45  46  49  43  6  41  20  36  37  49  25  17  
5  7  42  18  35  24  36  19  25  34  29  12  38  34  44  49  6  36  38  8  35  16  25  23  48  12  11  30  17  15  2  50  39  47  4  6  50  13  41  44  15  11  30  28  32  23  33  7  4  31  
41  38  50  50  37  12  25  50  36  23  10  4  24  47  22  43  15  29  26  45  12  37  24  45  19  28  14  2  48  29  23  49  37  33  49  16  46  5  2  7  18  41  43  33  30  47  3  15  48  23  
9  6  5  10  13  39  13  43  41  1  19  35  39  21  40  17  44  14  49  3  14  14  14  14  2  40  16  42  45  10  39  37  47  21  36  7  9  7  24  11  42  27  2  20  26  24  39  40  33  41  
48  17  11  6  38  44  35  47  37  39  9  14  40  50  15  37  7  2  48  13  17  46  46  13  15  16  25  35  26  14  19  19  19  11  3  15  32  18  33  14  20  46  38  14  19  6  31  42  3  46  
43  19  35  48  4  31  21  45  6  47  39  9  34  14  43  50  42  10  30  42  40  7  5  25  36  43  26  33  15  17  18  2  49  36  38  39  16  16  46  15  33  40  29  10  49  44  34  5  6  28  
23  42  2  19  45  7  6  39  19  29  15  43  5  9  3  27  26  1  34  41  47  23  2  15  50  32  1  16  31  23  28  20  23  10  10  30  38  3  16  45  10  38  19  47  14  34  25  35  18  39  
21  37  1  49  20  3  10  11  10  24  20  28  45  5  19  39  9  43  13  21  11  39  13  37  26  37  34  27  20  3  16  9  4  4  22  24  20  1  3  2  30  9  4  35  46  3  43  13  2  36  
4  36  38  27  17  16  39  16  30  10  49  10  3  27  31  32  22  26  20  2  42  44  28  47  5  13  36  7  44  13  15  12  3  12  19  49  17  23  47  20  32  19  49  34  13  31  30  27  1  20  
37  45  14  21  15  41  2  3  45  27  33  7  33  38  16  5  3  12  29  19  32  35  10  40  12  48  4  47  22  18  21  45  43  7  33  12  47  32  37  47  35  6  40  38  29  38  9  47  14  30  
30  21  27  35  27  35  49  15  42  25  17  46  29  46  10  23  49  4  47  26  27  38  38  46  41  47  35  38  19  8  7  17  8  31  24  36  18  2  10  6  1  22  8  8  40  39  38  22  15  15  
49  49  32  15  41  47  12  41  26  21  34  19  35  2  38  1  2  49  14  23  30  13  23  18  40  36  49  17  9  35  10  40  33  30  21  5  28  44  26  30  40  44  23  39  15  1  29  12  5  14  
39  34  25  42  39  28  3  28  38  7  7  13  9  29  13  40  32  34  17  6  50  33  11  20  42  22  37  37  6  1  31  13  17  50  14  45  13  37  38  41  41  23  16  5  2  20  17  44  44  48  
25  27  8  34  5  33  34  48  34  35  25  21  19  12  2  25  34  30  24  20  19  42  31  50  9  20  39  8  30  50  50  44  12  35  13  25  43  39  44  38  9  36  1  50  34  14  48  9  39  43  
7  13  49  36  36  21  26  6  50  4  37  1  49  39  6  8  38  45  21  24  43  40  32  16  14  11  2  36  13  22  35  4  36  44  30  17  23  40  19  35  22  30  22  44  33  21  28  6  26  44  
47  18  26  33  42  1  20  42  5  19  3  26  23  42  33  21  46  32  10  5  3  17  41  34  16  31  5  25  1  2  20  32  34  18  31  35  31  45  31  42  27  18  26  26  25  30  46  4  46  3  
34  46  36  16  31  25  16  26  16  3  21  50  37  20  42  48  36  44  37  44  31  30  16  42  6  24  43  31  50  28  12  27  24  2  28  47  27  12  5  50  14  1  27  18  5  19  49  36  22  42  
16  5  19  17  19  11  50  18  21  14  11  49  48  40  50  46  30  20  3  37  6  29  50  22  47  38  24  13  40  38  37  6  21  39  27  28  30  19  29  1  45  14  48  45  12  7  32  24  9  19  
33  44  39  5  8  27  43  25  1  22  8  20  21  28  46  10  11  5  31  28  28  9  18  39  32  5  3  19  36  39  22  34  5  28  18  48  10  24  11  21  26  3  3  43  10  41  14  10  30  49  
15  31  46  31  28  38  38  31  27  48  24  15  26  37  8  35  23  22  33  12  7  31  49  7  23  27  7  12  14  34  33  5  13  17  5  13  5  4  1  48  36  25  12  13  8  22  4  3  27  5  
6  20  22  30  48  14  24  7  8  13  43  31  7  41  34  15  27  25  43  31  44  47  1  28  28  8  6  4  33  46  6  33  26  16  45  4  8  29  21  12  46  47  28  6  42  4  18  26  37  21  
13  14  43  13  7  29  1  9  11  17  36  34  27  3  1  42  50  13  50  29  1  24  33  3  35  33  38  49  24  31  1  29  15  15  7  29  44  46  7  24  16  20  42  49  17  43  40  38  49  18  
26  48  16  23  50  6  44  32  46  9  32  18  31  43  48  36  28  18  25  40  41  3  42  12  18  30  29  44  35  26  27  35  7  27  39  40  36  26  22  27  25  24  5  1  45  9  15  43  16  24  
22  43  34  7  23  46  23  12  2  20  5  11  12  15  26  31  10  9  1  15  39  20  40  49  10  19  46  29  32  37  41  3  48  19  15  21  39  20  20  40  19  33  17  12  50  49  36  50  21  27  
14  39  40  41  21  5  30  37  9  16  13  45  22  17  5  6  1  38  18  27  2  36  6  17  33  44  32  28  46  36  13  10  28  48  35  27  41  27  49  34  21  34  37  3  36  18  42  33  43  34  
40  10  15  12  43  40  5  33  35  38  45  44  11  6  49  19  24  17  27  11  26  22  43  36  13  7  27  20  5  40  3  8  27  45  25  50  24  15  4  29  6  13  41  46  39  16  5  28  47  29  
2  47  12  26  6  30  41  5  31  44  23  39  44  49  41  41  43  28  42  9  13  45  3  38  46  35  28  39  8  48  42  43  44  20  32  44  34  49  14  22  7  10  25  23  24  29  16  46  36  7  
28  3  48  38  1  10  22  40  15  8  18  22  4  11  23  16  20  11  4  39  38  34  27  31  21  25  44  22  3  32  43  42  38  22  50  1  22  11  32  32  13  2  15  2  18  8  10  25  13  35  
27  2  37  47  12  32  31  22  22  37  2  38  20  7  12  29  14  37  40  16  49  4  26  19  17  6  12  45  21  21  29  47  22  9  2  46  37  36  13  16  34  32  50  7  43  10  23  2  32  26  
d=674,j=1
score=0.0105829
isearch=1
Number of design examed=1523717
phi_p=0.00245088
correlation=0.0924165
